70 764
23 27
55 6
40 13
43 18
36 44
42 13
36 37
30 66
23 18
63 65
64 17
41 62
35 18
43 66
25 20
11 51
3 19
51 54
54 17
31 66
16 28
70 20
27 44
32 47
47 37
54 29
69 17
15 60
24 58
3 42
36 1
39 24
25 30
23 2
51 21
70 52
10 69
41 32
63 3
44 38
52 25
50 4
60 36
55 65
5 40
21 50
4 36
29 44
28 68
43 13
46 42
47 28
27 44
13 13
53 48
41 70
26 26
40 24
22 46
4 25
20 3
67 47
39 16
26 6
18 39
29 31
60 2
53 12
12 3
58 31
16 66
53 52
19 39
29 10
13 45
8 39
3 54
4 4
69 11
13 6
8 34
4 13
29 23
27 18
49 27
33 1
32 70
33 67
14 22
25 57
43 55
44 42
25 43
14 50
16 10
25 2
44 35
56 51
48 39
6 61
56 32
54 15
27 40
69 63
57 17
47 5
55 8
36 26
37 24
11 38
44 6
55 37
42 58
24 49
19 36
21 7
32 50
8 28
59 31
70 23
34 65
31 11
58 70
49 46
69 65
1 62
17 3
6 43
29 52
67 11
35 24
63 48
31 1
17 61
42 16
68 43
16 4
36 68
26 54
57 33
42 62
40 47
2 62
63 54
36 3
21 3
25 35
35 70
27 31
37 10
6 31
17 32
68 2
56 47
6 70
19 21
44 6
40 60
14 24
37 10
69 49
15 44
3 6
54 51
25 59
14 54
26 57
68 23
60 41
34 9
44 46
64 39
23 15
37 22
25 66
41 3
68 54
64 2
58 69
48 6
6 38
36 32
60 61
19 4
38 49
10 37
40 33
65 69
42 41
51 48
8 64
55 4
8 39
40 64
62 36
52 33
10 50
69 45
47 32
64 10
7 31
20 4
66 60
25 48
47 39
70 6
18 32
38 43
35 8
13 15
33 16
18 24
61 61
15 70
44 54
52 70
28 62
30 56
14 28
3 46
1 45
20 47
46 56
24 67
69 45
35 21
18 28
69 35
40 47
1 52
35 64
40 32
51 52
32 36
50 51
36 65
46 54
37 62
53 41
56 57
23 21
6 13
24 17
49 28
38 48
25 14
23 43
58 16
50 39
22 57
10 24
21 58
50 8
59 40
64 69
46 32
50 36
70 5
47 60
63 56
25 11
16 58
45 45
8 24
48 37
36 11
54 64
37 67
62 11
35 12
54 66
23 51
58 51
7 8
46 33
52 39
23 49
54 51
57 31
39 58
39 54
22 53
14 45
29 4
42 23
57 22
43 59
32 60
47 42
51 48
48 20
47 31
51 12
53 34
55 63
23 35
47 29
60 13
15 64
64 15
65 42
56 39
15 7
64 26
35 21
8 61
13 26
54 28
53 13
68 19
42 6
18 27
31 2
57 56
39 30
54 60
46 37
46 58
66 9
36 13
63 58
7 68
3 26
7 32
55 31
21 9
28 65
3 46
11 15
57 8
15 26
20 33
51 69
8 52
42 68
59 17
44 47
15 7
35 21
13 24
68 65
13 52
40 45
32 46
53 41
65 61
14 20
70 29
54 6
26 70
41 54
44 7
8 53
54 54
66 16
67 29
43 65
65 6
33 23
36 22
5 24
53 6
48 64
33 24
33 22
42 23
52 3
6 39
19 39
47 50
61 17
9 61
40 13
49 4
67 37
45 44
7 9
12 33
55 11
9 57
5 21
54 26
32 60
6 10
34 5
30 6
62 61
13 62
57 47
45 15
47 70
16 14
9 50
12 45
8 22
5 47
11 43
64 65
17 22
59 25
32 66
31 44
63 54
50 30
70 2
35 47
9 12
59 10
26 13
60 68
46 16
60 7
35 31
38 51
21 24
52 62
69 19
46 14
11 35
37 24
56 40
65 70
8 14
13 44
70 46
7 42
35 18
9 53
33 49
50 1
35 15
37 59
17 7
64 14
19 9
35 58
18 31
33 34
1 19
9 60
29 37
25 10
38 10
53 70
10 56
24 27
12 61
41 47
54 58
39 17
59 64
46 55
62 70
37 56
66 53
70 22
52 69
8 16
30 69
61 12
40 4
26 50
51 37
46 26
37 24
30 50
51 70
17 61
30 15
37 25
17 1
27 17
15 5
66 1
19 6
60 59
25 39
2 15
68 68
23 42
41 27
37 5
58 15
46 50
53 54
65 39
43 16
13 13
56 33
19 33
63 17
17 13
46 50
6 5
3 42
58 7
56 38
68 18
17 15
34 65
8 58
50 56
5 21
33 28
1 14
63 55
1 31
5 27
44 35
63 55
21 36
46 63
20 61
24 66
19 36
69 19
42 29
49 66
31 52
66 57
28 43
64 38
62 69
35 29
7 16
12 56
21 26
45 14
66 8
69 59
66 34
40 32
16 1
48 64
4 9
49 50
61 51
60 62
34 45
26 10
37 67
19 45
21 47
3 59
32 32
22 38
66 39
24 13
29 49
20 53
33 22
10 68
28 18
41 42
2 10
11 20
3 22
19 26
25 38
21 50
38 13
35 2
10 17
18 48
47 57
33 1
38 36
18 8
51 44
8 25
44 11
7 31
9 54
50 16
28 3
34 7
69 1
42 57
15 40
23 40
35 43
23 62
49 23
57 62
16 30
4 62
64 52
2 28
8 8
70 10
49 60
7 6
4 13
13 54
53 16
64 53
23 1
1 37
11 69
16 48
1 68
3 38
42 26
67 63
33 44
12 18
16 7
49 37
59 41
3 44
67 39
70 68
61 26
7 18
33 55
57 19
34 12
14 59
68 24
3 49
21 32
44 43
20 60
15 51
8 17
66 32
50 40
68 64
7 44
12 4
57 7
13 41
20 36
3 64
8 31
11 23
15 18
31 17
34 5
50 6
24 4
69 53
26 43
13 33
12 43
58 52
27 55
35 6
9 12
2 35
16 57
27 40
60 20
37 23
26 23
28 22
28 64
31 60
29 64
24 45
49 30
13 66
46 35
16 12
49 37
10 52
66 18
36 1
5 53
64 59
61 56
21 7
14 69
12 22
28 2
12 63
20 23
27 13
31 32
32 37
67 14
59 34
6 12
34 42
59 29
58 47
49 6
40 19
2 44
47 49
68 4
67 17
48 32
40 24
35 59
57 67
20 21
40 44
35 12
66 56
23 22
63 38
50 70
48 28
37 55
3 12
29 50
66 52
37 10
30 14
64 9
14 28
22 4
21 46
55 66
43 23
5 63
11 66
24 43
58 53
3 68
68 66
61 43
15 57
1 61
3 40
42 54
66 67
33 45
66 27
23 44
12 3
36 32
61 24
7 49
16 66
70 53
50 23
17 52
3 55
43 55
5 33
23 27
2 14
4 58
57 8
40 5
22 64
47 66
29 24
55 17
57 13
45 54
63 62
32 22
60 61
51 3
69 8
67 22
13 33
51 30
2 64
38 66
60 16
